2.033661588064230273e+03 2.393115374889366649e+03
2.033661588064230273e+03 2.215596093058540646e+03
2.590799026425590455e+03 2.338494057402958788e+03
2.525253445441901022e+03 1.308882222784169699e+03
2.618109685168794385e+03 1.246067707674800658e+03
2.792897901125299995e+03 2.275679542293589293e+03
2.765587242382095610e+03 1.644803325325578271e+03
3.117894740169426768e+03 2.281141674042230079e+03
3.104239410797824803e+03 2.109084523960045317e+03
3.093315147300543231e+03 1.942489505626501341e+03
