2.600809582309581856e+03 1.433485257985258158e+03
2.956386977886977093e+03 1.391028255528255613e+03
2.667148648648648305e+03 9.213476658476661214e+02
3.569359950859950459e+03 9.797260442260444506e+02
3.505674447174446414e+03 4.463599508599513683e+02
3.601202702702702027e+03 1.046065110565110899e+03
3.022726044226043541e+03 2.102183046683046996e+03
2.107246928746928461e+03 9.797260442260444506e+02
2.452210073710073175e+03 1.075254299754300064e+03
3.272160933660933097e+03 6.692592137592141626e+02
2.248648738054398564e+03 2.277847463856897775e+03
2.335980274442538757e+03 1.417764150943396317e+03
2.190427713795638283e+03 1.081670056358735565e+03
1.870212080372457876e+03 1.227222617005636039e+03
3.256931021808380592e+03 1.060498774810095711e+03
3.653892550845381720e+03 1.163708772359716022e+03
3.196063587356040443e+03 1.534206199460916423e+03
3.574500245037981131e+03 1.597720044106836667e+03
3.219881279098260620e+03 2.301665155599117952e+03
3.746516907620681650e+03 2.293725925018377893e+03

