8.738461878872169564e+02 2.278410608167910141e+03
8.956947148817801008e+02 2.098160260462763745e+03
1.466487482614742703e+03 2.215596093058540646e+03
1.496529207232267026e+03 1.194177456062713190e+03
1.594847578707801176e+03 1.139556138576305329e+03
1.676779554937412968e+03 2.147319446200530820e+03
1.698628081931976112e+03 1.543753887975723728e+03
1.963541471741054238e+03 2.155512643823491999e+03
1.969003603489695024e+03 1.988917625489948023e+03
1.971734669364015417e+03 1.835977936528005785e+03
