9.216486231610711002e+02 1.394089211618257195e+03
1.288302715956242537e+03 1.399521124104111550e+03
1.060162391550358279e+03 8.889213504337985796e+02
1.861369483213881267e+03 1.106197849867974128e+03
1.866801395699735622e+03 6.363374198415690444e+02
1.880381176914371736e+03 1.176812712184081647e+03
1.261143153526970764e+03 2.105669747265183105e+03
4.029009807619763706e+02 8.155905318747641104e+02
8.021465484722743895e+02 1.002991512636740936e+03
1.652240852508487023e+03 7.748511882308562235e+02
3.759313479623826879e+02 2.296277429467084403e+03
6.224015673981193686e+02 1.340189655172413950e+03
4.815614420062697718e+02 9.339200626959250258e+02
3.195642633228862906e+01 1.023299373040752471e+03
1.602865517241379393e+03 1.131637931034482790e+03
1.914338871473354402e+03 1.280603448275862320e+03
1.497235423197492537e+03 1.559575235109717823e+03
1.808708777429467091e+03 1.648954545454545496e+03
1.424106896551724503e+03 2.288152037617554925e+03
1.873711912225705646e+03 2.277318181818181984e+03

