3.318880564263323322e+03 2.079600313479623765e+03
3.310755172413792934e+03 5.113996865203762354e+02
3.308046708463950381e+03 3.055564263322885381e+02
3.240335109717868363e+03 1.329355799373041009e+03
3.088661128526646280e+03 1.499989028213166193e+03
2.939695611285266750e+03 1.654371473354231966e+03
2.804272413793103624e+03 1.800628526645768034e+03
2.671557680250783960e+03 1.936051724137931160e+03
2.552385266457680700e+03 1.914384012539185051e+03
2.332999686520376599e+03 1.638120689655172555e+03
