1.416903244058845985e+03 2.165420784609581460e+03
1.441346850245190808e+03 6.933725009430404498e+02
1.433198981516409049e+03 5.005396076952092699e+02
1.365300075443229389e+03 1.456556205205582728e+03
1.215922482082233500e+03 1.605933798566578616e+03
1.069260844964164789e+03 1.768891173142210391e+03
9.198832516031689011e+02 1.920984722746133457e+03
7.677897019992458354e+02 2.067646359864202168e+03
6.428557148245947701e+02 2.067646359864202168e+03
3.821239155035837030e+02 1.760743304413428859e+03
