2.904092983779705719e+03 2.521211052433044188e+03
3.053470577140701153e+03 2.447880233874009718e+03
3.140381176914371736e+03 2.513063183704262428e+03
3.376669370049038207e+03 2.491335533760845010e+03
2.480403809883062877e+03 1.953576197661259812e+03
2.784590909090909008e+03 1.714572048283666618e+03
2.485835722368917232e+03 1.654821010939268263e+03
2.803602602791399022e+03 1.850369860430026392e+03
3.105073745756317749e+03 1.839506035458317683e+03
3.289758770275367624e+03 1.815062429271972860e+03
2.431177102980007930e+03 1.592354017351942730e+03
2.382289890607318284e+03 1.233847793285552598e+03
2.811410976989815481e+03 1.274587136929460485e+03
3.102018294983025498e+03 1.565194454922670730e+03
3.194360807242550436e+03 1.573342323651452261e+03
3.501263862693323972e+03 1.866665597887589684e+03
3.737552055827989534e+03 1.641241229724632149e+03
3.911373255375330700e+03 1.798766691814409569e+03
3.870633911731422813e+03 1.736299698227084036e+03
3.482252168992833504e+03 1.309894568087514017e+03

