7.638515654470011214e+02 2.602689739720859961e+03
9.240929837797057189e+02 2.488619577517917605e+03
1.002855714824594543e+03 2.537506789890607251e+03
1.241859864202187964e+03 2.466891927574500187e+03
2.695475292342512148e+02 2.062214447378347813e+03
6.416335345152772334e+02 1.768891173142210391e+03
2.695475292342512148e+02 1.709140135797812036e+03
6.524973594869859426e+02 1.907404941531497570e+03
9.784121086382497197e+02 1.872097510373444038e+03
1.152233308185590431e+03 1.828642210486608747e+03
2.011054319124862104e+02 1.638525273481704971e+03
1.277746133534519686e+02 1.220268012070916484e+03
6.655339494530369393e+02 1.293598830629950953e+03
9.697210486608828433e+02 1.597785929837797084e+03
1.067495473406262136e+03 1.600501886080724262e+03
1.339091097698981685e+03 1.855801772915880747e+03
1.531923990946812864e+03 1.649389098453413908e+03
1.662289890607318284e+03 1.774323085628064973e+03
1.635130328178046511e+03 1.728151829498302504e+03
1.322795360241418621e+03 1.347917955488494954e+03

